unsigned char arr[5016] = {
0, 0, 0, 0, 0, 0, 0, 0, 0, 0, 0, 0, 0, 0, 0, 0, 0, 0, 0, 0, 0, 0, 0, 0, 0, 0, 0, 0, 0, 0, 0, 0, 0, 0, 0, 0, 0, 0, 0, 0, 0, 0, 0, 0, 0, 0, 0, 0, 0, 0, 0, 0, 0, 0, 0, 0, 0, 
0, 0, 0, 0, 0, 0, 0, 0, 0, 0, 0, 0, 0, 0, 0, 0, 0, 0, 0, 0, 0, 0, 0, 0, 0, 0, 0, 0, 0, 0, 0, 0, 0, 0, 0, 0, 0, 0, 0, 0, 0, 0, 0, 0, 0, 0, 0, 0, 0, 0, 0, 0, 0, 0, 0, 0, 0, 
0, 0, 0, 0, 0, 0, 0, 0, 0, 0, 0, 0, 0, 0, 0, 0, 0, 0, 0, 0, 0, 0, 0, 0, 0, 0, 0, 0, 0, 0, 0, 0, 0, 0, 0, 0, 0, 0, 0, 0, 0, 0, 0, 0, 0, 0, 0, 0, 0, 0, 0, 0, 0, 0, 0, 0, 0, 
0, 0, 0, 0, 0, 0, 0, 0, 0, 0, 0, 0, 0, 0, 0, 0, 0, 0, 0, 0, 0, 0, 0, 0, 0, 0, 0, 0, 0, 0, 0, 0, 0, 0, 0, 0, 0, 0, 0, 0, 0, 0, 0, 0, 0, 0, 0, 0, 0, 0, 0, 0, 0, 0, 0, 0, 0, 
0, 0, 0, 0, 0, 0, 0, 0, 0, 0, 0, 0, 0, 0, 0, 0, 0, 0, 0, 0, 0, 0, 0, 0, 0, 0, 0, 0, 0, 0, 0, 0, 0, 0, 0, 0, 0, 0, 0, 0, 0, 0, 0, 0, 0, 0, 0, 0, 0, 0, 0, 0, 0, 0, 0, 0, 0, 
0, 0, 0, 0, 0, 0, 0, 0, 0, 0, 0, 0, 0, 0, 0, 0, 0, 0, 0, 0, 0, 0, 0, 0, 0, 0, 0, 0, 0, 0, 0, 0, 0, 0, 0, 0, 0, 0, 0, 0, 0, 0, 0, 0, 0, 0, 0, 0, 0, 0, 0, 0, 0, 0, 0, 0, 0, 
0, 0, 0, 0, 0, 0, 0, 0, 0, 0, 0, 0, 0, 0, 0, 0, 0, 0, 0, 0, 0, 0, 0, 0, 0, 0, 0, 0, 0, 0, 0, 0, 0, 0, 0, 0, 0, 0, 0, 0, 0, 0, 0, 0, 0, 0, 0, 0, 0, 0, 0, 0, 0, 0, 0, 0, 0, 
0, 0, 0, 0, 0, 0, 0, 0, 0, 0, 0, 0, 0, 0, 0, 0, 0, 0, 0, 0, 0, 0, 0, 0, 0, 0, 0, 0, 0, 0, 0, 0, 0, 0, 0, 0, 0, 0, 0, 0, 0, 0, 0, 0, 0, 0, 0, 0, 0, 0, 0, 0, 0, 0, 0, 0, 0, 
0, 0, 0, 0, 0, 0, 0, 0, 0, 0, 0, 0, 0, 0, 0, 0, 0, 0, 0, 0, 0, 0, 0, 0, 0, 0, 0, 0, 0, 0, 0, 0, 0, 0, 0, 0, 0, 0, 0, 0, 0, 0, 0, 0, 0, 0, 0, 0, 0, 0, 0, 0, 0, 0, 0, 0, 0, 
0, 0, 0, 0, 0, 0, 0, 0, 0, 0, 0, 0, 0, 0, 0, 0, 0, 0, 0, 0, 0, 0, 0, 0, 0, 0, 0, 0, 0, 0, 0, 0, 0, 0, 0, 0, 0, 0, 0, 0, 0, 0, 0, 0, 0, 0, 0, 0, 0, 0, 0, 0, 0, 0, 0, 0, 0, 
0, 0, 0, 0, 0, 0, 0, 0, 0, 0, 0, 0, 0, 0, 0, 0, 0, 0, 0, 0, 0, 0, 0, 0, 0, 0, 0, 0, 0, 0, 0, 0, 0, 0, 0, 0, 0, 0, 0, 0, 0, 0, 0, 0, 0, 0, 0, 0, 0, 0, 0, 0, 0, 0, 0, 0, 0, 
0, 0, 0, 0, 0, 0, 0, 0, 0, 0, 0, 0, 0, 0, 0, 0, 7, 0, 0, 0, 0, 7, 0, 0, 0, 0, 0, 0, 0, 0, 0, 0, 0, 0, 0, 0, 0, 0, 0, 0, 0, 0, 0, 0, 0, 0, 0, 0, 0, 0, 0, 0, 0, 0, 0, 0, 0, 
0, 0, 0, 0, 0, 0, 0, 0, 0, 0, 0, 0, 0, 0, 0, 7, 0, 0, 0, 7, 7, 7, 7, 7, 0, 0, 0, 0, 0, 0, 0, 0, 0, 0, 0, 0, 0, 0, 0, 0, 0, 0, 0, 0, 0, 0, 0, 0, 0, 0, 0, 0, 0, 0, 0, 0, 0, 
0, 0, 0, 0, 0, 0, 0, 0, 0, 0, 0, 0, 0, 0, 7, 0, 0, 7, 0, 0, 0, 0, 0, 0, 0, 0, 7, 7, 0, 0, 0, 0, 0, 0, 0, 0, 0, 0, 0, 0, 0, 0, 0, 0, 0, 0, 0, 0, 0, 0, 0, 0, 0, 0, 0, 0, 0, 
0, 0, 0, 0, 0, 0, 0, 0, 0, 0, 0, 0, 0, 0, 0, 0, 7, 0, 0, 7, 7, 0, 7, 0, 7, 0, 0, 7, 7, 7, 7, 7, 7, 7, 7, 7, 7, 7, 7, 0, 0, 7, 7, 7, 7, 7, 7, 7, 7, 7, 7, 7, 0, 0, 0, 0, 0, 
0, 0, 0, 0, 0, 0, 0, 7, 7, 7, 7, 7, 7, 7, 0, 7, 7, 0, 0, 0, 7, 7, 7, 7, 7, 7, 7, 0, 0, 0, 0, 0, 0, 0, 0, 0, 7, 7, 7, 7, 7, 7, 7, 7, 7, 0, 0, 0, 0, 7, 7, 7, 7, 7, 0, 0, 0, 
0, 0, 0, 0, 0, 0, 7, 7, 7, 7, 7, 7, 7, 7, 0, 7, 7, 0, 0, 0, 7, 7, 7, 7, 0, 0, 0, 0, 0, 0, 0, 0, 0, 0, 0, 0, 0, 0, 0, 0, 0, 7, 7, 7, 7, 7, 7, 7, 0, 0, 7, 7, 7, 7, 7, 0, 0, 
0, 0, 0, 0, 0, 0, 7, 7, 7, 7, 7, 7, 7, 7, 7, 7, 7, 0, 0, 0, 7, 0, 0, 0, 0, 0, 0, 0, 0, 0, 0, 0, 0, 0, 0, 0, 0, 0, 0, 0, 0, 0, 7, 7, 7, 7, 7, 7, 0, 0, 0, 7, 7, 7, 7, 0, 0, 
0, 0, 0, 0, 0, 7, 7, 7, 7, 7, 7, 7, 7, 7, 7, 7, 7, 0, 0, 0, 7, 0, 0, 0, 0, 0, 0, 0, 0, 0, 0, 0, 0, 0, 0, 0, 0, 0, 0, 7, 0, 0, 0, 7, 7, 7, 7, 7, 7, 0, 0, 7, 7, 7, 7, 7, 0, 
0, 0, 0, 0, 0, 7, 7, 7, 7, 7, 7, 7, 7, 7, 0, 7, 7, 0, 0, 0, 7, 0, 0, 0, 0, 0, 0, 0, 0, 7, 7, 7, 7, 0, 0, 0, 0, 0, 0, 0, 0, 0, 0, 7, 7, 0, 7, 7, 7, 7, 0, 0, 7, 7, 7, 7, 0, 
0, 0, 0, 0, 0, 7, 7, 7, 7, 7, 7, 7, 7, 7, 0, 7, 7, 7, 0, 0, 0, 7, 7, 7, 7, 0, 0, 0, 0, 7, 0, 0, 0, 0, 0, 0, 0, 0, 0, 0, 0, 0, 0, 7, 7, 0, 0, 7, 7, 7, 0, 0, 7, 7, 7, 7, 0, 
0, 0, 0, 0, 7, 7, 7, 7, 7, 0, 0, 7, 7, 7, 7, 7, 7, 7, 0, 0, 0, 0, 7, 7, 7, 7, 0, 0, 0, 0, 0, 0, 0, 0, 0, 0, 0, 0, 0, 0, 0, 0, 0, 7, 7, 7, 0, 0, 7, 7, 0, 0, 7, 7, 7, 7, 0, 
0, 0, 0, 0, 7, 7, 7, 7, 0, 0, 7, 7, 7, 7, 0, 7, 7, 7, 7, 0, 0, 0, 0, 7, 7, 7, 7, 0, 0, 0, 7, 7, 7, 0, 0, 0, 0, 0, 0, 0, 0, 7, 7, 0, 7, 7, 0, 0, 7, 7, 0, 0, 7, 7, 7, 7, 0, 
0, 0, 0, 7, 0, 7, 7, 0, 0, 7, 7, 7, 7, 7, 0, 7, 7, 7, 7, 7, 0, 0, 7, 7, 7, 7, 7, 0, 0, 0, 7, 7, 7, 0, 0, 0, 0, 0, 0, 0, 0, 0, 7, 0, 7, 7, 7, 0, 0, 7, 0, 0, 7, 7, 7, 7, 0, 
0, 0, 0, 7, 0, 7, 0, 0, 7, 7, 7, 7, 7, 0, 0, 7, 7, 7, 7, 0, 0, 0, 7, 7, 0, 0, 0, 7, 0, 0, 0, 0, 0, 0, 0, 0, 0, 0, 0, 0, 7, 0, 0, 0, 7, 7, 7, 0, 0, 7, 7, 0, 7, 7, 7, 7, 0, 
0, 0, 7, 7, 0, 7, 0, 0, 7, 7, 7, 7, 0, 0, 0, 0, 7, 7, 7, 0, 0, 0, 7, 7, 0, 0, 7, 7, 7, 0, 0, 0, 0, 0, 0, 0, 0, 0, 0, 0, 0, 7, 7, 0, 7, 7, 7, 7, 0, 0, 7, 0, 7, 7, 7, 7, 0, 
0, 0, 7, 7, 0, 7, 0, 7, 7, 7, 7, 7, 0, 0, 0, 0, 7, 7, 7, 7, 7, 7, 7, 7, 0, 7, 7, 7, 7, 0, 0, 0, 7, 0, 0, 0, 0, 0, 0, 0, 0, 7, 7, 0, 7, 7, 7, 7, 0, 0, 7, 0, 7, 7, 7, 7, 0, 
0, 0, 0, 7, 0, 7, 0, 0, 7, 7, 7, 7, 0, 0, 0, 0, 7, 7, 7, 7, 7, 7, 7, 7, 0, 7, 7, 7, 7, 0, 0, 0, 7, 7, 0, 0, 0, 0, 0, 0, 0, 0, 0, 0, 0, 7, 7, 7, 0, 0, 7, 0, 7, 7, 7, 7, 0, 
0, 0, 0, 7, 0, 7, 0, 0, 7, 7, 7, 7, 7, 0, 0, 0, 7, 7, 7, 7, 7, 7, 7, 0, 0, 0, 7, 7, 7, 0, 0, 0, 0, 7, 0, 0, 0, 0, 0, 0, 0, 0, 0, 0, 0, 7, 7, 7, 0, 7, 7, 0, 7, 7, 7, 7, 0, 
0, 0, 0, 7, 0, 7, 0, 7, 7, 7, 7, 7, 7, 0, 0, 0, 7, 7, 7, 7, 7, 7, 7, 0, 0, 0, 7, 7, 7, 7, 0, 0, 0, 7, 0, 0, 0, 0, 0, 0, 7, 7, 0, 0, 0, 7, 0, 7, 7, 7, 7, 0, 7, 7, 7, 7, 0, 
0, 0, 0, 7, 7, 7, 0, 0, 7, 7, 7, 7, 7, 0, 0, 0, 7, 7, 7, 7, 7, 7, 0, 0, 0, 0, 7, 7, 7, 7, 0, 0, 0, 7, 0, 0, 0, 0, 0, 0, 7, 7, 7, 0, 0, 0, 0, 7, 7, 7, 7, 0, 7, 7, 7, 7, 0, 
0, 0, 0, 0, 0, 7, 0, 0, 7, 7, 7, 7, 7, 7, 0, 0, 7, 7, 7, 7, 7, 0, 0, 0, 0, 0, 0, 7, 7, 7, 0, 0, 0, 0, 0, 0, 0, 0, 0, 0, 7, 7, 7, 0, 0, 7, 0, 7, 7, 7, 7, 0, 7, 7, 7, 7, 0, 
0, 0, 0, 7, 7, 7, 0, 0, 7, 0, 7, 7, 7, 7, 0, 0, 0, 7, 7, 7, 0, 0, 0, 4, 7, 0, 0, 0, 7, 7, 0, 0, 0, 0, 0, 0, 0, 0, 0, 0, 0, 7, 7, 0, 0, 7, 0, 7, 7, 7, 7, 0, 7, 7, 7, 7, 0, 
0, 0, 0, 7, 7, 7, 0, 0, 0, 0, 0, 7, 0, 0, 0, 0, 0, 0, 0, 0, 0, 0, 0, 7, 7, 7, 0, 0, 0, 7, 0, 0, 0, 0, 0, 0, 0, 0, 0, 0, 0, 0, 0, 0, 0, 7, 0, 7, 7, 7, 7, 0, 7, 7, 7, 0, 0, 
0, 0, 0, 7, 7, 7, 7, 7, 7, 7, 7, 7, 7, 7, 0, 0, 0, 0, 7, 7, 0, 7, 7, 7, 7, 7, 7, 0, 0, 0, 0, 0, 0, 7, 0, 0, 0, 0, 0, 0, 7, 7, 0, 0, 0, 7, 0, 7, 0, 7, 7, 0, 7, 7, 7, 0, 0, 
0, 7, 0, 7, 7, 7, 7, 7, 7, 7, 7, 7, 7, 7, 0, 0, 0, 7, 7, 7, 7, 7, 7, 7, 7, 7, 7, 0, 0, 7, 0, 0, 0, 7, 0, 0, 0, 0, 0, 0, 7, 7, 7, 0, 0, 0, 0, 7, 7, 7, 0, 0, 7, 7, 0, 0, 0, 
0, 7, 0, 0, 7, 7, 7, 7, 7, 7, 7, 7, 7, 7, 0, 0, 7, 7, 7, 7, 7, 7, 7, 7, 7, 7, 7, 0, 7, 7, 0, 0, 0, 7, 0, 0, 0, 0, 0, 0, 7, 7, 7, 0, 0, 7, 0, 7, 7, 7, 0, 0, 7, 7, 7, 0, 0, 
0, 7, 0, 7, 0, 7, 7, 7, 7, 7, 7, 7, 7, 7, 0, 0, 7, 7, 7, 7, 7, 7, 7, 7, 7, 7, 7, 7, 7, 7, 0, 0, 7, 7, 0, 0, 0, 0, 0, 0, 7, 7, 7, 0, 0, 7, 0, 7, 7, 7, 0, 0, 7, 7, 0, 0, 0, 
0, 0, 0, 0, 0, 7, 7, 7, 7, 7, 7, 7, 7, 7, 7, 7, 7, 7, 7, 7, 7, 7, 7, 7, 7, 7, 7, 7, 7, 7, 0, 0, 7, 7, 0, 0, 0, 0, 0, 0, 7, 7, 7, 0, 0, 7, 0, 7, 7, 7, 0, 0, 7, 7, 0, 0, 0, 
0, 0, 0, 0, 0, 7, 7, 7, 7, 7, 7, 7, 7, 7, 7, 7, 7, 7, 7, 7, 7, 7, 7, 7, 0, 0, 7, 7, 7, 7, 0, 0, 0, 0, 0, 0, 0, 0, 0, 0, 7, 7, 7, 0, 0, 0, 0, 7, 0, 7, 0, 0, 7, 7, 0, 0, 0, 
0, 0, 0, 7, 0, 7, 7, 7, 7, 7, 7, 7, 7, 7, 7, 7, 7, 7, 7, 7, 7, 7, 7, 7, 0, 0, 7, 7, 7, 0, 0, 0, 0, 0, 0, 0, 0, 0, 0, 0, 0, 0, 0, 0, 0, 7, 7, 7, 0, 0, 0, 7, 7, 0, 0, 0, 0, 
0, 0, 0, 7, 0, 7, 7, 7, 7, 7, 7, 7, 7, 7, 7, 7, 7, 7, 7, 7, 7, 7, 7, 7, 0, 0, 7, 7, 7, 0, 0, 0, 7, 7, 0, 0, 0, 0, 0, 0, 0, 0, 0, 0, 0, 7, 7, 7, 0, 0, 0, 7, 7, 0, 0, 0, 0, 
0, 0, 0, 0, 0, 7, 7, 7, 7, 7, 7, 7, 7, 7, 7, 7, 7, 7, 7, 7, 7, 7, 7, 7, 0, 0, 7, 7, 7, 0, 0, 0, 7, 7, 0, 0, 0, 0, 0, 0, 0, 0, 0, 0, 0, 7, 7, 0, 0, 0, 0, 7, 0, 0, 0, 0, 0, 
0, 0, 7, 0, 0, 7, 7, 7, 0, 0, 0, 7, 7, 7, 0, 0, 7, 7, 7, 7, 7, 7, 0, 0, 0, 0, 7, 7, 7, 0, 0, 0, 7, 7, 0, 0, 0, 0, 7, 7, 7, 7, 7, 0, 7, 7, 7, 0, 0, 0, 0, 7, 7, 0, 0, 0, 0, 
0, 0, 7, 0, 0, 0, 0, 7, 7, 7, 7, 7, 0, 0, 7, 0, 0, 0, 7, 7, 7, 0, 0, 0, 7, 7, 0, 0, 0, 0, 0, 7, 7, 0, 0, 0, 0, 0, 7, 7, 7, 7, 7, 0, 7, 7, 0, 0, 0, 0, 7, 7, 0, 0, 0, 0, 0, 
0, 0, 7, 0, 0, 0, 7, 7, 7, 7, 7, 7, 0, 0, 7, 0, 0, 7, 7, 7, 7, 7, 0, 0, 0, 0, 0, 0, 0, 0, 0, 7, 7, 0, 0, 0, 0, 7, 7, 7, 7, 7, 7, 0, 7, 7, 7, 0, 0, 0, 7, 7, 0, 0, 0, 0, 0, 
0, 0, 7, 0, 0, 0, 0, 7, 7, 7, 7, 0, 0, 0, 0, 0, 0, 7, 7, 7, 7, 7, 0, 0, 0, 0, 0, 7, 0, 0, 7, 7, 7, 0, 0, 0, 0, 7, 7, 7, 7, 7, 7, 0, 7, 7, 0, 0, 0, 0, 7, 7, 0, 0, 0, 0, 0, 
0, 0, 7, 0, 0, 0, 0, 7, 7, 7, 7, 0, 0, 0, 0, 0, 7, 7, 7, 7, 7, 7, 0, 0, 0, 0, 7, 7, 0, 0, 0, 0, 7, 0, 0, 0, 0, 7, 7, 7, 7, 7, 7, 0, 7, 7, 0, 0, 0, 7, 7, 7, 0, 0, 0, 0, 0, 
0, 0, 7, 0, 0, 0, 7, 7, 7, 7, 7, 0, 0, 7, 0, 0, 7, 7, 7, 7, 7, 7, 0, 0, 7, 7, 7, 7, 0, 0, 0, 0, 0, 0, 0, 0, 7, 7, 7, 7, 7, 7, 0, 7, 7, 7, 0, 0, 0, 7, 7, 0, 0, 0, 0, 0, 0, 
0, 0, 7, 0, 0, 0, 7, 7, 7, 7, 7, 0, 0, 7, 0, 0, 7, 7, 7, 7, 7, 7, 7, 0, 7, 7, 7, 0, 0, 0, 0, 0, 0, 0, 0, 0, 0, 0, 0, 0, 7, 7, 0, 7, 7, 0, 0, 0, 7, 7, 7, 0, 0, 0, 0, 0, 0, 
7, 0, 7, 0, 0, 0, 7, 7, 7, 7, 0, 0, 0, 0, 0, 7, 7, 7, 7, 7, 7, 7, 7, 0, 7, 7, 7, 0, 0, 7, 7, 7, 0, 0, 0, 0, 0, 0, 0, 0, 0, 0, 0, 7, 7, 0, 0, 0, 7, 7, 0, 0, 0, 0, 0, 0, 0, 
7, 0, 0, 0, 0, 0, 7, 7, 7, 7, 0, 0, 0, 0, 0, 7, 7, 7, 7, 7, 7, 7, 7, 0, 7, 7, 0, 0, 0, 7, 7, 7, 0, 0, 0, 7, 7, 0, 0, 0, 0, 0, 0, 7, 0, 7, 0, 0, 7, 7, 0, 0, 0, 0, 0, 0, 0, 
7, 0, 0, 7, 0, 0, 0, 7, 7, 7, 0, 0, 0, 0, 0, 0, 0, 7, 7, 7, 7, 7, 7, 0, 7, 7, 0, 0, 0, 7, 7, 7, 0, 0, 0, 7, 7, 7, 7, 7, 0, 0, 0, 0, 0, 7, 0, 7, 7, 0, 0, 0, 0, 0, 0, 0, 0, 
0, 0, 0, 7, 0, 0, 0, 7, 7, 7, 0, 0, 0, 0, 0, 0, 0, 0, 7, 7, 7, 7, 7, 0, 7, 7, 0, 0, 0, 7, 7, 7, 0, 0, 0, 7, 7, 7, 7, 7, 0, 0, 0, 0, 0, 0, 0, 7, 0, 0, 0, 0, 0, 0, 0, 0, 0, 
0, 7, 0, 0, 7, 0, 0, 0, 7, 7, 7, 0, 0, 0, 0, 7, 7, 0, 0, 0, 7, 7, 7, 7, 7, 0, 0, 0, 7, 7, 7, 0, 0, 0, 7, 7, 7, 7, 7, 0, 0, 0, 7, 0, 0, 0, 7, 7, 0, 0, 0, 0, 0, 0, 0, 0, 0, 
0, 7, 0, 0, 7, 0, 0, 0, 7, 7, 7, 0, 0, 0, 0, 7, 7, 0, 0, 0, 7, 7, 7, 7, 0, 0, 0, 0, 7, 7, 7, 0, 0, 7, 7, 7, 7, 7, 0, 0, 0, 0, 7, 7, 0, 0, 7, 0, 0, 0, 0, 0, 0, 0, 0, 0, 0, 
0, 7, 7, 0, 0, 0, 0, 0, 7, 7, 7, 0, 0, 0, 0, 7, 7, 7, 0, 0, 7, 7, 7, 7, 0, 0, 0, 7, 7, 7, 0, 0, 0, 7, 7, 7, 7, 7, 0, 0, 0, 7, 7, 7, 0, 7, 7, 0, 0, 0, 0, 0, 0, 0, 0, 0, 0, 
0, 7, 7, 0, 0, 0, 0, 0, 0, 7, 7, 7, 0, 0, 0, 0, 7, 7, 0, 0, 0, 7, 7, 7, 0, 0, 0, 7, 7, 0, 0, 0, 0, 7, 7, 7, 7, 0, 0, 0, 0, 7, 7, 0, 0, 7, 0, 0, 0, 0, 0, 0, 0, 0, 0, 0, 0, 
0, 7, 7, 7, 0, 7, 0, 0, 0, 0, 7, 7, 7, 0, 0, 0, 7, 7, 0, 0, 0, 7, 7, 7, 0, 0, 0, 7, 0, 0, 0, 0, 0, 0, 0, 7, 0, 0, 0, 0, 7, 7, 0, 0, 0, 7, 0, 0, 0, 0, 0, 0, 0, 0, 0, 0, 0, 
0, 7, 7, 7, 0, 7, 0, 0, 7, 0, 7, 7, 7, 7, 0, 0, 7, 7, 0, 0, 0, 7, 7, 7, 0, 0, 0, 0, 0, 0, 0, 0, 0, 0, 0, 0, 0, 0, 0, 7, 7, 7, 0, 0, 7, 0, 0, 0, 0, 0, 0, 0, 0, 0, 0, 0, 0, 
0, 7, 7, 7, 7, 0, 7, 0, 0, 7, 0, 7, 7, 7, 0, 7, 7, 7, 0, 0, 0, 7, 7, 0, 0, 0, 0, 0, 0, 0, 0, 0, 0, 7, 0, 0, 0, 0, 7, 7, 7, 7, 0, 0, 7, 0, 0, 0, 0, 0, 0, 0, 0, 0, 0, 0, 0, 
0, 7, 7, 7, 7, 0, 7, 7, 0, 0, 7, 7, 7, 7, 7, 7, 7, 7, 0, 0, 7, 7, 7, 0, 0, 7, 7, 7, 0, 0, 0, 0, 7, 7, 0, 0, 0, 7, 7, 7, 7, 7, 7, 7, 0, 0, 0, 0, 0, 0, 0, 0, 0, 0, 0, 0, 0, 
0, 7, 7, 7, 7, 0, 0, 7, 7, 0, 0, 7, 7, 7, 7, 0, 7, 0, 0, 0, 7, 7, 7, 0, 0, 7, 7, 7, 0, 0, 0, 7, 7, 0, 0, 0, 7, 7, 7, 7, 7, 7, 7, 7, 0, 0, 0, 0, 0, 0, 0, 0, 0, 0, 0, 0, 0, 
0, 7, 7, 7, 7, 7, 0, 0, 7, 0, 7, 7, 7, 7, 0, 0, 0, 0, 0, 0, 7, 7, 0, 0, 0, 7, 7, 7, 0, 0, 7, 7, 0, 0, 0, 7, 7, 7, 7, 7, 7, 7, 0, 0, 0, 0, 0, 0, 0, 0, 0, 0, 0, 0, 0, 0, 0, 
0, 0, 7, 7, 7, 7, 7, 0, 0, 7, 7, 7, 7, 7, 0, 0, 0, 0, 0, 7, 7, 0, 0, 0, 7, 7, 7, 0, 0, 0, 0, 0, 0, 7, 7, 7, 7, 7, 7, 7, 7, 0, 0, 0, 0, 0, 0, 0, 0, 0, 0, 0, 0, 0, 0, 0, 0, 
0, 0, 7, 7, 7, 7, 7, 7, 7, 7, 7, 7, 7, 7, 7, 0, 0, 0, 0, 7, 7, 0, 0, 0, 7, 7, 0, 0, 0, 0, 0, 0, 7, 7, 7, 7, 7, 7, 7, 7, 7, 7, 7, 0, 0, 0, 0, 0, 0, 0, 0, 0, 0, 0, 0, 0, 0, 
0, 0, 0, 7, 7, 7, 7, 7, 7, 7, 7, 7, 7, 7, 7, 0, 0, 0, 7, 0, 0, 0, 0, 7, 7, 0, 0, 0, 0, 0, 0, 7, 7, 7, 7, 7, 7, 7, 7, 7, 7, 7, 0, 0, 0, 0, 0, 0, 0, 0, 0, 0, 0, 0, 0, 0, 0, 
0, 0, 0, 0, 7, 7, 7, 7, 7, 7, 7, 7, 7, 7, 7, 0, 0, 7, 0, 0, 0, 0, 0, 0, 0, 0, 0, 0, 0, 7, 7, 7, 7, 7, 7, 7, 7, 7, 7, 7, 7, 7, 0, 0, 0, 0, 0, 0, 0, 0, 0, 0, 0, 0, 0, 0, 0, 
0, 0, 0, 0, 0, 7, 7, 7, 7, 7, 7, 7, 7, 7, 7, 0, 0, 7, 0, 7, 0, 0, 0, 0, 0, 0, 0, 0, 7, 7, 7, 7, 7, 7, 7, 7, 7, 7, 7, 7, 7, 0, 0, 0, 0, 0, 0, 0, 0, 0, 0, 0, 0, 0, 0, 0, 0, 
0, 0, 0, 0, 0, 0, 7, 7, 7, 7, 7, 7, 7, 7, 7, 0, 0, 0, 7, 7, 7, 0, 0, 0, 0, 7, 7, 7, 7, 7, 7, 7, 7, 7, 7, 7, 7, 7, 7, 7, 0, 0, 0, 0, 0, 0, 0, 0, 0, 0, 0, 0, 0, 0, 0, 0, 0, 
0, 0, 0, 0, 0, 0, 0, 0, 0, 7, 7, 7, 7, 7, 7, 7, 0, 0, 7, 7, 7, 7, 0, 0, 7, 7, 7, 7, 7, 7, 7, 7, 7, 7, 7, 7, 7, 7, 7, 0, 0, 0, 0, 0, 0, 0, 0, 0, 0, 0, 0, 0, 0, 0, 0, 0, 0, 
0, 0, 0, 0, 0, 0, 0, 0, 0, 0, 0, 7, 7, 7, 0, 0, 0, 0, 7, 7, 7, 7, 7, 0, 7, 7, 7, 7, 7, 7, 7, 7, 7, 7, 7, 7, 7, 7, 0, 0, 0, 0, 0, 0, 0, 0, 0, 0, 0, 0, 0, 0, 0, 0, 0, 0, 0, 
0, 0, 0, 0, 0, 0, 0, 0, 0, 0, 0, 0, 0, 7, 0, 7, 0, 0, 0, 7, 7, 7, 7, 0, 0, 7, 7, 7, 7, 7, 7, 7, 7, 7, 7, 0, 0, 0, 0, 0, 0, 0, 0, 0, 0, 0, 0, 0, 0, 0, 0, 0, 0, 0, 0, 0, 0, 
0, 0, 0, 0, 0, 0, 0, 0, 0, 0, 0, 0, 0, 0, 0, 0, 7, 7, 7, 0, 0, 0, 0, 0, 0, 0, 7, 7, 0, 7, 7, 0, 0, 0, 0, 0, 0, 0, 0, 0, 0, 0, 0, 0, 0, 0, 0, 0, 0, 0, 0, 0, 0, 0, 0, 0, 0, 
0, 0, 0, 0, 0, 0, 0, 0, 0, 0, 0, 0, 0, 0, 0, 0, 7, 7, 7, 7, 0, 0, 0, 0, 7, 7, 7, 0, 0, 7, 0, 0, 0, 0, 0, 0, 0, 0, 0, 0, 0, 0, 0, 0, 0, 0, 0, 0, 0, 0, 0, 0, 0, 0, 0, 0, 0, 
0, 0, 0, 0, 0, 0, 0, 0, 0, 0, 0, 0, 0, 0, 0, 7, 0, 0, 7, 7, 7, 7, 7, 7, 7, 0, 0, 0, 7, 0, 0, 0, 0, 0, 0, 0, 0, 0, 0, 0, 0, 0, 0, 0, 0, 0, 0, 0, 0, 0, 0, 0, 0, 0, 0, 0, 0, 
0, 0, 0, 0, 0, 0, 0, 0, 0, 0, 0, 0, 0, 0, 0, 0, 7, 7, 7, 0, 0, 0, 0, 0, 0, 0, 0, 7, 0, 0, 0, 0, 0, 0, 0, 0, 0, 0, 0, 0, 0, 0, 0, 0, 0, 0, 0, 0, 0, 0, 0, 0, 0, 0, 0, 0, 0, 
0, 0, 0, 0, 0, 0, 0, 0, 0, 0, 0, 0, 0, 0, 0, 0, 0, 7, 7, 7, 0, 0, 0, 0, 7, 7, 7, 0, 0, 0, 0, 0, 0, 0, 0, 0, 0, 0, 0, 0, 0, 0, 0, 0, 0, 0, 0, 0, 0, 0, 0, 0, 0, 0, 0, 0, 0, 
0, 0, 0, 0, 0, 0, 0, 0, 0, 0, 0, 0, 0, 0, 0, 0, 0, 0, 0, 7, 7, 7, 7, 7, 7, 0, 0, 0, 0, 0, 0, 0, 0, 0, 0, 0, 0, 0, 0, 0, 0, 0, 0, 0, 0, 0, 0, 0, 0, 0, 0, 0, 0, 0, 0, 0, 0, 
0, 0, 0, 0, 0, 0, 0, 0, 0, 0, 0, 0, 0, 0, 0, 0, 0, 0, 0, 0, 0, 0, 0, 0, 0, 0, 0, 0, 0, 0, 0, 0, 0, 0, 0, 0, 0, 0, 0, 0, 0, 0, 0, 0, 0, 0, 0, 0, 0, 0, 0, 0, 0, 0, 0, 0, 0, 
0, 0, 0, 0, 0, 0, 0, 0, 0, 0, 0, 0, 0, 0, 0, 0, 0, 0, 0, 0, 0, 0, 0, 0, 0, 0, 0, 0, 0, 0, 0, 0, 0, 0, 0, 0, 0, 0, 0, 0, 0, 0, 0, 0, 0, 0, 0, 0, 0, 0, 0, 0, 0, 0, 0, 0, 0, 
0, 0, 0, 0, 0, 0, 0, 0, 0, 0, 0, 0, 0, 0, 0, 0, 0, 0, 0, 0, 0, 0, 0, 0, 0, 0, 0, 0, 0, 0, 0, 0, 0, 0, 0, 0, 0, 0, 0, 0, 0, 0, 0, 0, 0, 0, 0, 0, 0, 0, 0, 0, 0, 0, 0, 0, 0, 
0, 0, 0, 0, 0, 0, 0, 0, 0, 0, 0, 0, 0, 0, 0, 0, 0, 0, 0, 0, 0, 0, 0, 0, 0, 0, 0, 0, 0, 0, 0, 0, 0, 0, 0, 0, 0, 0, 0, 0, 0, 0, 0, 0, 0, 0, 0, 0, 0, 0, 0, 0, 0, 0, 0, 0, 0, 
0, 0, 0, 0, 0, 0, 0, 0, 0, 0, 0, 0, 0, 0, 0, 0, 0, 0, 0, 0, 0, 0, 0, 0, 0, 0, 0, 0, 0, 0, 0, 0, 0, 0, 0, 0, 0, 0, 0, 0, 0, 0, 0, 0, 0, 0, 0, 0, 0, 0, 0, 0, 0, 0, 0, 0, 0, 
0, 0, 0, 0, 0, 0, 0, 0, 0, 0, 0, 0, 0, 0, 0, 0, 0, 0, 0, 0, 0, 0, 0, 0, 0, 0, 0, 0, 0, 0, 0, 0, 0, 0, 0, 0, 0, 0, 0, 0, 0, 0, 0, 0, 0, 0, 0, 0, 0, 0, 0, 0, 0, 0, 0, 0, 0, 
0, 0, 0, 0, 0, 0, 0, 0, 0, 0, 0, 0, 0, 0, 0, 0, 0, 0, 0, 0, 0, 0, 0, 0, 0, 0, 0, 0, 0, 0, 0, 0, 0, 0, 0, 0, 0, 0, 0, 0, 0, 0, 0, 0, 0, 0, 0, 0, 0, 0, 0, 0, 0, 0, 0, 0, 0, 
0, 0, 0, 0, 0, 0, 0, 0, 0, 0, 0, 0, 0, 0, 0, 0, 0, 0, 0, 0, 0, 0, 0, 0, 0, 0, 0, 0, 0, 0, 0, 0, 0, 0, 0, 0, 0, 0, 0, 0, 0, 0, 0, 0, 0, 0, 0, 0, 0, 0, 0, 0, 0, 0, 0, 0, 0, 
0, 0, 0, 0, 0, 0, 0, 0, 0, 0, 0, 0, 0, 0, 0, 0, 0, 0, 0, 0, 0, 0, 0, 0, 0, 0, 0, 0, 0, 0, 0, 0, 0, 0, 0, 0, 0, 0, 0, 0, 0, 0, 0, 0, 0, 0, 0, 0, 0, 0, 0, 0, 0, 0, 0, 0, 0, 
};